1.000000000 0.000000000 0.000000000 -0.000000000 0.000000000 1.000000000 0.000000000 0.000000000 0.000000000 0.000000000 1.000000000 0.000000000 
0.999999952 -0.000305478 0.000057909 -0.009781282 0.000305408 0.999999230 0.001202948 -0.007474618 -0.000058277 -0.001202930 0.999999275 1.331131051 
0.999999447 -0.001048037 0.000083163 -0.016954598 0.001047934 0.999998689 0.001234034 -0.022790519 -0.000084456 -0.001233946 0.999999235 2.654974515 
0.999997149 -0.002373490 0.000262862 -0.031313692 0.002373279 0.999996866 0.000797501 -0.049193639 -0.000264754 -0.000796875 0.999999647 3.968588179 
0.999995289 -0.002945432 0.000864164 -0.046713564 0.002944696 0.999995301 0.000851964 -0.073217136 -0.000866670 -0.000849415 0.999999264 5.291964141 
0.999993968 -0.003362326 0.000870604 -0.051651700 0.003360930 0.999993071 0.001600643 -0.093047591 -0.000875980 -0.001597707 0.999998340 6.603429175 
0.999987089 -0.004613411 0.002130096 -0.078798505 0.004607922 0.999986069 0.002574766 -0.109485623 -0.002141945 -0.002564918 0.999994417 7.934824114 
0.999986563 -0.004196149 0.003043978 -0.107205584 0.004186101 0.999985794 0.003299710 -0.138403181 -0.003057781 -0.003286923 0.999989923 9.222104969 
0.999993756 -0.003027930 0.001821972 -0.105617107 0.003023801 0.999992864 0.002264649 -0.167975298 -0.001828816 -0.002259126 0.999995776 10.543663203 
0.999998539 0.000289942 0.001684765 -0.111151775 -0.000289176 0.999999855 -0.000454665 -0.184823737 -0.001684896 0.000454177 0.999998477 11.891784026 
0.999991316 0.003781361 0.001752005 -0.109698177 -0.003778591 0.999991610 -0.001581882 -0.202494068 -0.001757972 0.001575249 0.999997214 13.254523126 
0.999977750 0.006390861 0.001912393 -0.121431003 -0.006387396 0.999977958 -0.001812643 -0.225107757 -0.001923935 0.001800388 0.999996529 14.601900661 
0.999968308 0.007693374 0.002048006 -0.132565622 -0.007691126 0.999969814 -0.001103489 -0.245132081 -0.002056434 0.001087703 0.999997294 15.958376055 
0.999986645 0.004829451 0.001839926 -0.121142286 -0.004832929 0.999986534 0.001890542 -0.266799940 -0.001830771 -0.001899409 0.999996520 17.307607195 
0.999996866 0.000317923 0.002483146 -0.127111521 -0.000327702 0.999992190 0.003938697 -0.283796260 -0.002481874 -0.003939498 0.999989160 18.675542431 
0.999992970 -0.002959436 0.002302754 -0.125906192 0.002955036 0.999993807 0.001911464 -0.303114960 -0.002308397 -0.001904645 0.999995522 20.052061093 
0.999990597 -0.003740679 0.002193735 -0.122480459 0.003741088 0.999992986 -0.000182102 -0.326526042 -0.002193038 0.000190307 0.999997577 21.388147041 
0.999995783 -0.001336578 0.002578347 -0.129036979 0.001340860 0.999997724 -0.001659822 -0.346673332 -0.002576123 0.001663272 0.999995299 22.724503350 
0.999992814 0.000703618 0.003725102 -0.146703125 -0.000701840 0.999999639 -0.000478607 -0.355715921 -0.003725438 0.000475989 0.999992947 24.085967651 
0.999989874 0.001359537 0.004289953 -0.168311516 -0.001374644 0.999992859 0.003520388 -0.376775078 -0.004285136 -0.003526250 0.999984601 25.432562375 
0.999984827 -0.001544400 0.005287814 -0.193290783 0.001515369 0.999983783 0.005489742 -0.386650843 -0.005296207 -0.005481646 0.999970950 26.766876763 
0.999974389 -0.005326872 0.004779734 -0.181491456 0.005307066 0.999977319 0.004146884 -0.410560803 -0.004801715 -0.004121411 0.999979979 28.160452353 
0.999967747 -0.006599806 0.004576814 -0.170305323 0.006591050 0.999976425 0.001925626 -0.434776298 -0.004589415 -0.001895398 0.999987672 29.549546656 
0.999968216 -0.005944942 0.005312687 -0.177826847 0.005950872 0.999981687 -0.001101142 -0.449055864 -0.005306044 0.001132722 0.999985281 30.912283879 
0.999978627 -0.003680511 0.005403594 -0.165247248 0.003688480 0.999992124 -0.001465428 -0.481578933 -0.005398158 0.001485328 0.999984327 32.332823290 
0.999979714 -0.002639941 0.005796726 -0.171393318 0.002658194 0.999991526 -0.003143477 -0.510026608 -0.005788378 0.003158822 0.999978258 33.699313137 
0.999984564 -0.001168621 0.005432042 -0.157811663 0.001184875 0.999994828 -0.002989849 -0.534736832 -0.005428520 0.002996239 0.999980777 35.108563585 
0.999982503 -0.000708852 0.005872976 -0.168168819 0.000720031 0.999997933 -0.001901594 -0.555272974 -0.005871616 0.001905789 0.999980946 36.521850272 
0.999984106 0.000517843 0.005614250 -0.170231420 -0.000515775 0.999999799 -0.000369674 -0.578115008 -0.005614441 0.000366772 0.999984172 37.903732257 
0.999979265 0.003027781 0.005683450 -0.171418904 -0.003029664 0.999995358 0.000322682 -0.606031214 -0.005682447 -0.000339894 0.999983797 39.321057670 
0.999969285 0.005273385 0.005798307 -0.169218143 -0.005272999 0.999986094 -0.000081899 -0.617229300 -0.005798658 0.000051322 0.999983186 40.760338277 
0.999950242 0.007871334 0.006128345 -0.177900925 -0.007871037 0.999969020 -0.000072641 -0.634162653 -0.006128727 0.000024401 0.999981219 42.182088481 
0.999942734 0.009201081 0.005465235 -0.170087489 -0.009201384 0.999957666 0.000030379 -0.653894016 -0.005464724 -0.000080665 0.999985065 43.608479114 
0.999954077 0.008159915 0.005025981 -0.172594746 -0.008159170 0.999966699 -0.000168792 -0.682846410 -0.005027191 0.000127777 0.999987355 45.039919037 
0.999967027 0.006850433 0.004360881 -0.162688362 -0.006849104 0.999976494 -0.000319632 -0.701857175 -0.004362968 0.000289753 0.999990440 46.491295344 
0.999972605 0.006611896 0.003327435 -0.164309668 -0.006611064 0.999978113 -0.000261107 -0.716883115 -0.003329088 0.000239102 0.999994430 47.934631824 
0.999971182 0.007112316 0.002655063 -0.176466278 -0.007114384 0.999974396 0.000770392 -0.740674902 -0.002649516 -0.000789259 0.999996179 49.349913046 
0.999969361 0.007684557 0.001491484 -0.176912551 -0.007685141 0.999970394 0.000385894 -0.758612118 -0.001488474 -0.000397344 0.999998813 50.763933549 
0.999971641 0.007509570 0.000569693 -0.198426180 -0.007509976 0.999971544 0.000715143 -0.783560930 -0.000564307 -0.000719401 0.999999582 52.161629408 
0.999972454 0.007412884 -0.000375637 -0.214341460 -0.007412201 0.999970931 0.001787626 -0.806917235 0.000388877 -0.001784792 0.999998332 53.563554407 
0.999971118 0.007564287 -0.000737688 -0.230723405 -0.007562273 0.999967772 0.002695689 -0.821726224 0.000758055 -0.002690032 0.999996095 54.987662919 
0.999977355 0.006555728 -0.001520768 -0.233498170 -0.006551772 0.999975178 0.002591902 -0.836527859 0.001537722 -0.002581880 0.999995485 56.433110633 
0.999989798 0.003919688 -0.002245160 -0.232173624 -0.003915522 0.999990610 0.001856989 -0.856741503 0.002252417 -0.001848179 0.999995755 57.865136964 
0.999996146 0.001184310 -0.002510885 -0.224077233 -0.001178217 0.999996361 0.002426779 -0.884128495 0.002513750 -0.002423811 0.999993903 59.292910990 
0.999996134 0.002261987 -0.001616967 -0.236857842 -0.002257571 0.999993732 0.002727598 -0.906398966 0.001623127 -0.002723937 0.999994973 60.727389593 
0.999997833 0.001685452 -0.001222127 -0.247629265 -0.001681167 0.999992465 0.003498960 -0.932488230 0.001228015 -0.003496898 0.999993132 62.151107080 
0.999999817 0.000366387 -0.000481838 -0.258936143 -0.000364713 0.999993912 0.003470400 -0.963059767 0.000483107 -0.003470224 0.999993862 63.566081526 
0.999997711 -0.002123452 -0.000261708 -0.247092723 0.002124076 0.999994844 0.002408325 -0.976839998 0.000256592 -0.002408876 0.999997066 64.937260975 
0.999999118 -0.001296025 0.000288714 -0.259145204 0.001295594 0.999998054 0.001488058 -0.992036342 -0.000290642 -0.001487682 0.999998851 66.369843298 
0.999999210 -0.000155514 0.001247274 -0.279523066 0.000153696 0.999998926 0.001457810 -1.019399455 -0.001247499 -0.001457618 0.999998160 67.775232077 
0.999995861 0.002452982 0.001503442 -0.295387347 -0.002457098 0.999993222 0.002742136 -1.038760458 -0.001496705 -0.002745819 0.999995110 69.184924157 
0.999979215 0.005653424 0.003099624 -0.332197138 -0.005666626 0.999974840 0.004267133 -1.059180369 -0.003075422 -0.004284608 0.999986092 70.562174311 
0.999941382 0.010106022 0.003885892 -0.347681775 -0.010125738 0.999935789 0.005087929 -1.090069336 -0.003834224 -0.005126978 0.999979506 71.965562711 
0.999895414 0.013803737 0.004314956 -0.349489112 -0.013822111 0.999895404 0.004257859 -1.110877077 -0.004255730 -0.004317056 0.999981626 73.409308274 
0.999842634 0.017132124 0.004604118 -0.347388031 -0.017146503 0.999848176 0.003101932 -1.124335320 -0.004550277 -0.003180389 0.999984590 74.843485497 
0.999794349 0.019451717 0.005735049 -0.360488481 -0.019470487 0.999805197 0.003235387 -1.149857525 -0.005670998 -0.003346386 0.999978321 76.236058565 
0.999809745 0.018628658 0.005783291 -0.364937843 -0.018648977 0.999820038 0.003479553 -1.168019305 -0.005717431 -0.003586743 0.999977223 77.601699416 
0.999818698 0.018038335 0.006098393 -0.368772155 -0.018058237 0.999831738 0.003224348 -1.185558277 -0.006039205 -0.003333890 0.999976206 78.992736743 
0.999859615 0.015668592 0.005936824 -0.364909789 -0.015682766 0.999874260 0.002348433 -1.205888729 -0.005899281 -0.002441209 0.999979619 80.425525524 
0.999854959 0.016021989 0.005775452 -0.366992395 -0.016035426 0.999868807 0.002287840 -1.234341795 -0.005738039 -0.002380120 0.999980705 81.795882062 
0.999853414 0.016145471 0.005698554 -0.378978530 -0.016158569 0.999866887 0.002260110 -1.255065564 -0.005661305 -0.002351859 0.999981209 83.171571021 
0.999873021 0.015137413 0.004980102 -0.378293948 -0.015147363 0.999883339 0.001966373 -1.275016963 -0.004949755 -0.002041558 0.999985666 84.560237926 
0.999876394 0.015077384 0.004457418 -0.377652764 -0.015087515 0.999883650 0.002248131 -1.298656767 -0.004423004 -0.002315105 0.999987539 85.960149465 
0.999891207 0.014408754 0.003156140 -0.377453898 -0.014418596 0.999891184 0.003118237 -1.323621220 -0.003110866 -0.003163404 0.999990158 87.367720533 
0.999920361 0.012453903 0.002042722 -0.378023319 -0.012462638 0.999913002 0.004320920 -1.347025964 -0.001988732 -0.004346034 0.999988578 88.799812455 
0.999940742 0.010852982 0.000851167 -0.385898546 -0.010856843 0.999930150 0.004671635 -1.363209140 -0.000800406 -0.004680599 0.999988726 90.189064363 
0.999955081 0.009454960 0.000663072 -0.407653714 -0.009457994 0.999944070 0.004733186 -1.389820028 -0.000618283 -0.004739245 0.999988579 91.531210928 
0.999965713 0.008280349 0.000087782 -0.415496709 -0.008280634 0.999957700 0.004003705 -1.402513480 -0.000054626 -0.004004295 0.999991981 92.929030634 
0.999979006 0.006474616 -0.000257681 -0.412751466 -0.006473571 0.999971560 0.003869417 -1.431505212 0.000282727 -0.003867668 0.999992481 94.272892404 
0.999976357 0.006857849 -0.000505521 -0.429484700 -0.006856122 0.999970912 0.003341826 -1.460064135 0.000528424 -0.003338282 0.999994288 95.602460815 
0.999973195 0.007318915 0.000205514 -0.445919173 -0.007319407 0.999970083 0.002501780 -1.479416074 -0.000187197 -0.002503217 0.999996849 96.944567997 
0.999970823 0.007638093 -0.000113613 -0.443387249 -0.007637836 0.999968591 0.002116939 -1.506920896 0.000129779 -0.002116009 0.999997753 98.337511638 
0.999946534 0.010333314 0.000388876 -0.455871611 -0.010334210 0.999943771 0.002378854 -1.531593695 -0.000364272 -0.002382745 0.999997095 99.674633037 
0.999940873 0.010844729 0.000800891 -0.478052981 -0.010847395 0.999935375 0.003402814 -1.555498869 -0.000763937 -0.003411300 0.999993890 100.992415187 
0.999930850 0.011677392 0.001390358 -0.497374890 -0.011684328 0.999918782 0.005089704 -1.582811504 -0.001330811 -0.005105597 0.999986081 102.354732246 
0.999942770 0.010625497 0.001247017 -0.497786234 -0.010630317 0.999935795 0.003924660 -1.601533812 -0.001205236 -0.003937691 0.999991521 103.706749354 
0.999935999 0.011204720 0.001566096 -0.505730140 -0.011206662 0.999936439 0.001236787 -1.618066265 -0.001552138 -0.001254259 0.999998009 105.046328502 
0.999947939 0.010126271 0.001255943 -0.506867562 -0.010126592 0.999948694 0.000249581 -1.645623394 -0.001253352 -0.000262286 0.999999180 106.384189080 
0.999960852 0.008677595 0.001730022 -0.526900786 -0.008679422 0.999961781 0.001051248 -1.665537352 -0.001720833 -0.001066223 0.999997951 107.704999627 
0.999984313 0.005233691 0.001995530 -0.525987027 -0.005240145 0.999981012 0.003242812 -1.685301765 -0.001978521 -0.003253218 0.999992751 109.064654622 
0.999986835 0.004197070 0.002952191 -0.538061674 -0.004208358 0.999983818 0.003827862 -1.703381492 -0.002936077 -0.003840235 0.999988316 110.401404097 
0.999985950 0.003303731 0.004145387 -0.549288036 -0.003314570 0.999991099 0.002610668 -1.725495193 -0.004136726 -0.002624372 0.999988000 111.704916950 
0.999978947 0.004497975 0.004676949 -0.545209076 -0.004499088 0.999989853 0.000227379 -1.740255365 -0.004675879 -0.000248416 0.999989037 113.012773759 
0.999950327 0.007566095 0.006488280 -0.569556896 -0.007553884 0.999969656 -0.001904408 -1.763559992 -0.006502492 0.001855302 0.999977137 114.357274200 
0.999919229 0.010259920 0.007501235 -0.563769066 -0.010243939 0.999945184 -0.002165774 -1.785289813 -0.007523045 0.002088757 0.999969520 115.698308112 
0.999896921 0.011366379 0.008772275 -0.559087833 -0.011363277 0.999935355 -0.000403288 -1.807857964 -0.008776292 0.000303564 0.999961442 117.057914097 
0.999881120 0.011576785 0.010184509 -0.563215552 -0.011596793 0.999930935 0.001907701 -1.831079523 -0.010161721 -0.002025581 0.999946317 118.378531624 
0.999877162 0.011140895 0.011024603 -0.564818948 -0.011172070 0.999933753 0.002770187 -1.854678017 -0.010993010 -0.002893015 0.999935390 119.717896607 
0.999858190 0.011925478 0.011890456 -0.547971427 -0.011946714 0.999927162 0.001716523 -1.862517594 -0.011869120 -0.001858332 0.999927833 121.079376640 
0.999834034 0.012890908 0.012873539 -0.540510397 -0.012910637 0.999915602 0.001450622 -1.878151509 -0.012853752 -0.001616587 0.999916080 122.429177048 
0.999775840 0.015329153 0.014604314 -0.534177147 -0.015343557 0.999881898 0.000874790 -1.901910786 -0.014589179 -0.001098676 0.999892969 123.783195775 
0.999731880 0.016867677 0.015863466 -0.523685847 -0.016873237 0.999857613 0.000216709 -1.932634211 -0.015857551 -0.000484319 0.999874144 125.106255618 
0.999693380 0.018162104 0.016831049 -0.520619273 -0.018149470 0.999834877 -0.000903087 -1.956198926 -0.016844671 0.000597335 0.999857940 126.400077458 
0.999704675 0.016422272 0.017912903 -0.507461127 -0.016415515 0.999865119 -0.000524226 -1.987016189 -0.017919096 0.000230022 0.999839414 127.732623798 
0.999688006 0.016342637 0.018889383 -0.495463219 -0.016349551 0.999866315 0.000211648 -2.013812513 -0.018883399 -0.000520415 0.999821557 129.046525286 
0.999673602 0.015834778 0.020048680 -0.491741372 -0.015859960 0.999873620 0.001097634 -2.032954015 -0.020028766 -0.001415247 0.999798402 130.359088128 
0.999691028 0.014025261 0.020521691 -0.476287093 -0.014066801 0.999899288 0.001881236 -2.062100078 -0.020493239 -0.002169329 0.999787638 131.688676819 
0.999704644 0.012583542 0.020791348 -0.465907585 -0.012621718 0.999918888 0.001705927 -2.079794912 -0.020768195 -0.001967845 0.999782381 133.049040040 
0.999744646 0.010551070 0.019982918 -0.422327425 -0.010611500 0.999939432 0.002920483 -2.115384848 -0.019950893 -0.003131786 0.999796056 134.366573608 
0.999758590 0.009720146 0.019704818 -0.423495584 -0.009763002 0.999950178 0.002079836 -2.123100981 -0.019683620 -0.002271712 0.999803678 135.753741977 
0.999787929 0.008029614 0.018963687 -0.415808458 -0.008064758 0.999965900 0.001777466 -2.135911221 -0.018948768 -0.001930027 0.999818593 137.109982149 
0.999827842 0.006119986 0.017516645 -0.393725819 -0.006166761 0.999977560 0.002617503 -2.151835373 -0.017500233 -0.002725073 0.999843146 138.460074988 
0.999844504 0.005033608 0.016900601 -0.388808777 -0.005080899 0.999983293 0.002756430 -2.172664725 -0.016886444 -0.002841872 0.999853375 139.800319000 
0.999873564 0.003797246 0.015441426 -0.377470476 -0.003847579 0.999987378 0.003231244 -2.198062646 -0.015428962 -0.003290247 0.999875553 141.159926348 
0.999899380 0.002941882 0.013877135 -0.356702003 -0.002981875 0.999991458 0.002862139 -2.220798982 -0.013868597 -0.002903231 0.999899612 142.511280414 
0.999911281 0.003094423 0.012955905 -0.354533033 -0.003124678 0.999992437 0.002315667 -2.242561392 -0.012948642 -0.002355944 0.999913387 143.896240654 
0.999921241 0.001283736 0.012484542 -0.355401318 -0.001280135 0.999999137 -0.000296416 -2.261431608 -0.012484912 0.000280411 0.999922021 145.229288822 
0.999920872 -0.003644160 0.012040322 -0.366857366 0.003658150 0.999992659 -0.001140051 -2.278013242 -0.012036079 0.001184006 0.999926863 146.552902073 
0.999877298 -0.011445653 0.010695095 -0.334788080 0.011433551 0.999933924 0.001191987 -2.301213569 -0.010708031 -0.001069557 0.999942095 147.931249766 
0.999806119 -0.017659305 0.008710568 -0.311500697 0.017637209 0.999841054 0.002606989 -2.319596979 -0.008755221 -0.002452853 0.999958664 149.298667431 
0.999765362 -0.020242276 0.007711714 -0.295380967 0.020245418 0.999794986 -0.000329520 -2.347788832 -0.007703462 0.000485569 0.999970210 150.667602876 
0.999745712 -0.021136434 0.007858939 -0.283870809 0.021164398 0.999769910 -0.003492309 -2.378988873 -0.007783316 0.003657751 0.999963020 152.016586301 
0.999815185 -0.017188770 0.008610574 -0.282858483 0.017241844 0.999832570 -0.006127934 -2.401011812 -0.008503801 0.006275264 0.999944152 153.362689059 
0.999831614 -0.015699736 0.009500656 -0.281213950 0.015765981 0.999851635 -0.006938410 -2.425545945 -0.009390315 0.007087029 0.999930796 154.690339740 
0.999771238 -0.018714339 0.010355951 -0.286931643 0.018749920 0.999818594 -0.003349463 -2.457813731 -0.010291389 0.003542870 0.999940766 156.028771916 
0.999655988 -0.023570125 0.011504559 -0.290874837 0.023572965 0.999722113 -0.000111329 -2.485338168 -0.011498738 0.000382488 0.999933814 157.351701908 
0.999527278 -0.028607328 0.011262398 -0.270189026 0.028589108 0.999589671 0.001775479 -2.513857531 -0.011308568 -0.001452658 0.999935001 158.686041583 
0.999492423 -0.029784806 0.011303135 -0.264223566 0.029771686 0.999555844 0.001327239 -2.529619885 -0.011337646 -0.000990052 0.999935237 160.047957094 
0.999523271 -0.027985904 0.013039200 -0.278904075 0.027960349 0.999606746 0.002138119 -2.550711852 -0.013093909 -0.001772519 0.999912700 161.365316481 
0.999586418 -0.024391595 0.015232965 -0.288632841 0.024369723 0.999701702 0.001619856 -2.572687902 -0.015267932 -0.001247963 0.999882660 162.691854330 
0.999660858 -0.020587046 0.015948134 -0.270442378 0.020599797 0.999787600 -0.000635667 -2.595957533 -0.015931660 0.000963980 0.999872618 163.993112640 
0.999703802 -0.017386349 0.017030050 -0.267602694 0.017413870 0.999847288 -0.001469032 -2.616123330 -0.017001908 0.001765156 0.999853899 165.354396138 
0.999737429 -0.014753073 0.017533411 -0.252869164 0.014761358 0.999890986 -0.000343204 -2.647067518 -0.017526437 0.000601931 0.999846219 166.704226722 
0.999759939 -0.013767092 0.017045009 -0.229671589 0.013766471 0.999905226 0.000153741 -2.676066431 -0.017045510 0.000080945 0.999854711 168.028991367 
0.999793764 -0.011660641 0.016627077 -0.218676603 0.011700456 0.999928904 -0.002299311 -2.701228112 -0.016599083 0.002493381 0.999859117 169.436801331 
0.999853063 -0.007276173 0.015521266 -0.202823246 0.007360943 0.999958266 -0.005411384 -2.727466781 -0.015481244 0.005524840 0.999864894 170.935492827 
0.999875352 -0.001427199 0.015723998 -0.191593674 0.001535026 0.999975377 -0.006847560 -2.760615967 -0.015713838 0.006870843 0.999852923 172.303648023 
0.999867487 0.002168958 0.016133921 -0.187910863 -0.002077746 0.999981778 -0.005668020 -2.790548017 -0.016145921 0.005633747 0.999853774 173.630638087 
0.999842022 0.005814703 0.016796448 -0.178368213 -0.005752169 0.999976353 -0.003768969 -2.822041120 -0.016817966 0.003671758 0.999851826 174.990559848 
0.999830801 0.007195556 0.016929049 -0.168707299 -0.007170774 0.999973128 -0.001524136 -2.852193082 -0.016939561 0.001402484 0.999855532 176.357058627 
0.999858082 0.005095092 0.016057879 -0.157454573 -0.005087610 0.999986930 -0.000506815 -2.876893972 -0.016060251 0.000425047 0.999870936 177.681696409 
0.999893188 0.003231217 0.014253807 -0.138206088 -0.003218421 0.999994397 -0.000920596 -2.890745810 -0.014256701 0.000874623 0.999897986 179.062965865 
0.999920237 0.003089806 0.012246334 -0.111917994 -0.003029387 0.999983164 -0.004949106 -2.914388326 -0.012261420 0.004911612 0.999912763 180.466283375 
0.999935200 0.004609544 0.010409046 -0.099646010 -0.004511273 0.999945222 -0.009444696 -2.944897988 -0.010452012 0.009397126 0.999901220 181.847918683 
0.999906209 0.009299252 0.010054686 -0.117395486 -0.009191132 0.999900013 -0.010746458 -2.971760829 -0.010153614 0.010653036 0.999891703 183.225605030 
0.999869916 0.012606263 0.010061483 -0.128640441 -0.012511474 0.999877271 -0.009429019 -3.018374129 -0.010179113 0.009301908 0.999904926 184.651046001 
0.999840742 0.014606948 0.010253154 -0.126895544 -0.014543377 0.999874721 -0.006247534 -3.030669717 -0.010343127 0.006097424 0.999927918 186.164547923 
0.999809896 0.016093381 0.011007957 -0.150084414 -0.016052519 0.999863966 -0.003790391 -3.066045589 -0.011067460 0.003612965 0.999932227 187.539764886 
0.999786303 0.016829784 0.012004422 -0.198555744 -0.016796288 0.999854768 -0.002885704 -3.103332036 -0.012051244 0.002683458 0.999923780 188.907248979 
0.999828135 0.014410729 0.011663253 -0.171226694 -0.014388802 0.999894551 -0.001961797 -3.138769791 -0.011690294 0.001793639 0.999930057 190.357749184 
0.999858860 0.011977904 0.011780953 -0.150422324 -0.011962415 0.999927490 -0.001384299 -3.160316311 -0.011796679 0.001243175 0.999929644 191.804642706 
0.999881640 0.009138018 0.012377545 -0.149325596 -0.009120215 0.999957294 -0.001494051 -3.176327816 -0.012390669 0.001380989 0.999922279 193.236906737 
0.999900440 0.005754021 0.012884189 -0.136324669 -0.005744955 0.999983223 -0.000740529 -3.201907883 -0.012888234 0.000666436 0.999916721 194.662269109 
0.999909460 0.001559174 0.013365650 -0.119783265 -0.001571076 0.999998379 0.000880057 -3.229444690 -0.013364256 -0.000900976 0.999910288 196.077856329 
0.999912055 -0.001729710 0.013148776 -0.087425922 0.001719307 0.999998200 0.000802434 -3.249524439 -0.013150140 -0.000779757 0.999913229 197.533541753 
0.999910954 -0.000134313 0.013344146 -0.079472477 0.000178242 0.999994569 -0.003290854 -3.279390615 -0.013343632 0.003292939 0.999905548 198.961200221 
0.999878277 0.007231903 0.013825034 -0.081814474 -0.007111664 0.999936633 -0.008726635 -3.299358651 -0.013887268 0.008627253 0.999866348 200.397687695 
0.999744851 0.016921470 0.014963172 -0.081193510 -0.016783884 0.999816137 -0.009273290 -3.326685924 -0.015117338 0.009019784 0.999845043 201.824641510 
0.999552456 0.025253124 0.016036411 -0.081217426 -0.025162500 0.999666386 -0.005828001 -3.358480701 -0.016178236 0.005421877 0.999854423 203.281692364 
0.999542587 0.025160144 0.016780434 -0.066583966 -0.025119272 0.999680970 -0.002642092 -3.401492531 -0.016841556 0.002219371 0.999855708 204.745618827 
0.999600745 0.023114749 0.016249890 -0.047251897 -0.023094049 0.999732230 -0.001460358 -3.434612102 -0.016279294 0.001084499 0.999866895 206.198448306 
0.999710864 0.019095163 0.014613822 -0.024504994 -0.019070345 0.999816459 -0.001835749 -3.456534494 -0.014646194 0.001556527 0.999891527 207.650111737 
0.999751880 0.017744259 0.013465523 -0.004878010 -0.017703642 0.999838380 -0.003129578 -3.473953303 -0.013518879 0.002890412 0.999904438 209.120040276 
0.999756693 0.017814112 0.013008140 0.005088268 -0.017770500 0.999836103 -0.003460577 -3.506557256 -0.013067655 0.003228574 0.999909402 210.592919698 
0.999737496 0.019020717 0.012773059 0.019003799 -0.018979134 0.999814204 -0.003368904 -3.539366557 -0.012834764 0.003125598 0.999912746 212.060134214 
0.999699206 0.020863013 0.012893144 0.022100834 -0.020826939 0.999778815 -0.002925851 -3.560230203 -0.012951334 0.002656446 0.999912599 213.517074358 
0.999724766 0.019749102 0.012663536 0.038379250 -0.019713259 0.999801326 -0.002949027 -3.595889022 -0.012719261 0.002698576 0.999915465 214.951855311 
0.999759380 0.018193838 0.012254248 0.051329191 -0.018158743 0.999830708 -0.002969082 -3.636144946 -0.012306193 0.002745846 0.999920506 216.389831433 
0.999780762 0.017324272 0.011760033 0.064731493 -0.017285884 0.999844949 -0.003358118 -3.661339969 -0.011816386 0.003154099 0.999925210 217.858911832 
0.999762526 0.018476284 0.011555064 0.070666531 -0.018428544 0.999821255 -0.004224448 -3.682128561 -0.011631050 0.004010502 0.999924314 219.328203061 
0.999761645 0.018810913 0.011081605 0.087978546 -0.018762810 0.999814154 -0.004428909 -3.716023649 -0.011162858 0.004219931 0.999928789 220.849421533 
0.999776899 0.018149566 0.010804922 0.106250870 -0.018105399 0.999827382 -0.004171498 -3.745732668 -0.010878768 0.003974940 0.999932924 222.350993800 
0.999776667 0.018489833 0.010234320 0.125396146 -0.018448085 0.999821170 -0.004158771 -3.781983991 -0.010309385 0.003969038 0.999938980 223.848203220 
0.999775445 0.018630357 0.010098014 0.137901731 -0.018586918 0.999817660 -0.004378626 -3.812696935 -0.010177748 0.004189952 0.999939427 225.356978679 
0.999784843 0.018349214 0.009673412 0.137602408 -0.018311081 0.999824272 -0.004016047 -3.852197421 -0.009745403 0.003838052 0.999945147 226.855188305 
0.999801770 0.017293843 0.009866320 0.128623514 -0.017261102 0.999845255 -0.003394032 -3.898135308 -0.009923489 0.003223056 0.999945567 228.323780915 
0.999829954 0.015651034 0.009752349 0.147385002 -0.015621054 0.999873045 -0.003142683 -3.933747052 -0.009800297 0.002989807 0.999947506 229.842688793 
0.999838555 0.015086663 0.009759982 0.153621902 -0.015056182 0.999881564 -0.003189062 -3.958529121 -0.009806938 0.003041599 0.999947285 231.355260197 
0.999842799 0.014489540 0.010219114 0.156128532 -0.014461050 0.999891354 -0.002856348 -3.981097713 -0.010259391 0.002708119 0.999943704 232.868898809 
0.999837519 0.014647120 0.010507057 0.149920683 -0.014621518 0.999889951 -0.002509279 -4.008253839 -0.010542654 0.002355242 0.999941651 234.378285613 
0.999843268 0.014388310 0.010315856 0.171582109 -0.014361347 0.999893271 -0.002683033 -4.040861781 -0.010353359 0.002534463 0.999943191 235.893593010 
0.999835073 0.014935593 0.010332210 0.184900741 -0.014903475 0.999883885 -0.003178574 -4.074763969 -0.010378484 0.003024064 0.999941569 237.404714183 
0.999810671 0.016279088 0.010658978 0.187269814 -0.016253951 0.999864917 -0.002440748 -4.106296015 -0.010697271 0.002267035 0.999940213 238.920077151 
0.999801038 0.016045190 0.011850623 0.180023088 -0.016049276 0.999871171 0.000249691 -4.144350163 -0.011845090 -0.000439835 0.999929748 240.421233874 
0.999812902 0.015430204 0.011664935 0.198097347 -0.015439660 0.999880541 0.000721033 -4.165968755 -0.011652416 -0.000901001 0.999931702 241.957596797 
0.999798513 0.015565324 0.012674904 0.197532436 -0.015545448 0.999877776 -0.001665154 -4.174961756 -0.012699273 0.001467782 0.999918284 243.447698312 
0.999777110 0.016122530 0.013630666 0.193347459 -0.016087912 0.999867081 -0.002645586 -4.202192563 -0.013671508 0.002425708 0.999903598 244.967490053 
0.999765047 0.016559264 0.013987215 0.204536717 -0.016528866 0.999860775 -0.002286098 -4.236511479 -0.014023124 0.002054369 0.999899561 246.488521990 
0.999764787 0.016948191 0.013532524 0.228501882 -0.016935213 0.999856013 -0.001073027 -4.264115414 -0.013548761 0.000843598 0.999907855 248.057802843 
0.999768731 0.016319896 0.014005181 0.225202487 -0.016316938 0.999866817 -0.000325453 -4.295775018 -0.014008627 0.000096856 0.999901870 249.556220806 
0.999771095 0.016627119 0.013464675 0.254732265 -0.016623923 0.999861752 -0.000349263 -4.318006809 -0.013468621 0.000125347 0.999909286 251.089970246 
0.999769851 0.016821792 0.013314333 0.273605342 -0.016821107 0.999858502 -0.000163401 -4.341039557 -0.013315198 -0.000060598 0.999911347 252.635324538 
0.999738130 0.018626929 0.013293194 0.288748855 -0.018623284 0.999826492 -0.000397915 -4.365961052 -0.013298299 0.000150248 0.999911562 254.165242099 
0.999738310 0.018723541 0.013143054 0.301255788 -0.018722994 0.999824696 -0.000164623 -4.391736560 -0.013143832 -0.000081497 0.999913613 255.726795859 
0.999725924 0.018674748 0.014118425 0.301447346 -0.018665844 0.999825487 -0.000762181 -4.398589951 -0.014130194 0.000498440 0.999900040 257.269465578 
0.999768168 0.016390881 0.013962449 0.312593601 -0.016391404 0.999865649 -0.000076994 -4.426350354 -0.013961835 -0.000151888 0.999902517 258.817006763 
0.999812121 0.013046003 0.014336151 0.318545234 -0.013064664 0.999913923 0.001208755 -4.458271740 -0.014319147 -0.001395825 0.999896501 260.361131218 
0.999848792 0.011418231 0.013115541 0.349651277 -0.011414233 0.999934783 -0.000379695 -4.453287570 -0.013119021 0.000229934 0.999913915 261.900961069 
0.999835249 0.012783577 0.012886200 0.365914755 -0.012765541 0.999917420 -0.001480935 -4.490714954 -0.012904067 0.001316192 0.999915873 263.414330548 
0.999857456 0.010125088 0.013511149 0.371639135 -0.010122233 0.999948730 -0.000279686 -4.516640628 -0.013513288 0.000142884 0.999908681 264.942357229 
0.999866683 0.007150048 0.014679649 0.364039440 -0.007189640 0.999970653 0.002646079 -4.569181681 -0.014660299 -0.002751267 0.999888747 266.465439895 
0.999885810 0.005111033 0.014221294 0.391728884 -0.005132601 0.999985732 0.001480489 -4.564275953 -0.014213524 -0.001553312 0.999897776 268.081745298 
0.999880582 0.004738320 0.014709554 0.402960361 -0.004743548 0.999988698 0.000320547 -4.590215875 -0.014707869 -0.000390285 0.999891757 269.632548568 
0.999879614 0.003734390 0.015060273 0.418925743 -0.003740597 0.999992930 0.000384020 -4.619681377 -0.015058732 -0.000440308 0.999886514 271.204927768 
0.999839099 0.006999670 0.016516067 0.426252429 -0.006999110 0.999975502 -0.000091742 -4.642708450 -0.016516304 -0.000023871 0.999863596 272.749241997 
0.999827609 0.007239570 0.017097973 0.446856998 -0.007244604 0.999973730 0.000232446 -4.667809798 -0.017095841 -0.000356274 0.999853792 274.280920433 
0.999806061 0.008315682 0.017851900 0.461975989 -0.008309978 0.999965394 -0.000393642 -4.682158258 -0.017854556 0.000245216 0.999840565 275.822399630 
0.999776128 0.009849752 0.018726354 0.482373662 -0.009836814 0.999951311 -0.000782923 -4.715621517 -0.018733154 0.000598540 0.999824340 277.375652138 
0.999765961 0.009981425 0.019193621 0.523548097 -0.009961810 0.999949756 -0.001117306 -4.751417532 -0.019203809 0.000925842 0.999815161 278.880395493 
0.999737438 0.010346187 0.020445326 0.539146114 -0.010320009 0.999945787 -0.001385488 -4.794956882 -0.020458552 0.001174128 0.999790012 280.466455092 
0.999738518 0.009949426 0.020588948 0.576841194 -0.009917866 0.999949481 -0.001634409 -4.819003242 -0.020604169 0.001429783 0.999786689 282.061896047 
0.999731089 0.008186291 0.021696416 0.593393647 -0.008180843 0.999966479 -0.000339886 -4.852445800 -0.021698472 0.000162300 0.999764547 283.637142618 
0.999732694 0.007452552 0.021886074 0.637279896 -0.007457195 0.999972186 0.000130521 -4.885134926 -0.021884493 -0.000293695 0.999760463 285.194992440 
0.999740539 0.006319239 0.021884269 0.670147445 -0.006284667 0.999978893 -0.001648165 -4.925249749 -0.021894222 0.001510202 0.999759152 286.752092138 
0.999746083 0.004903413 0.021993770 0.689641647 -0.004828342 0.999982340 -0.003465114 -4.962608052 -0.022010372 0.003358041 0.999752103 288.329702289 
0.999760709 0.005471213 0.021179978 0.724882127 -0.005382272 0.999976467 -0.004254042 -4.985520342 -0.021202755 0.004139028 0.999766629 289.928803367 
0.999794134 0.004336734 0.019821276 0.754502715 -0.004250222 0.999981267 -0.004404642 -5.013504207 -0.019840006 0.004319491 0.999793837 291.477176595 
0.999832585 0.002486061 0.018127930 0.793672306 -0.002398942 0.999985477 -0.004825975 -5.044664863 -0.018139665 0.004781679 0.999824029 293.019940627 
0.999834275 0.003653014 0.017834745 0.806326188 -0.003562946 0.999980753 -0.005079314 -5.075623052 -0.017852957 0.005014928 0.999828046 294.619877944 
0.999854352 0.002425172 0.016893615 0.838628596 -0.002347765 0.999986662 -0.004600328 -5.121015940 -0.016904546 0.004559995 0.999846710 296.133399625 
0.999877671 0.000251852 0.015639044 0.866519019 -0.000196265 0.999993659 -0.003555783 -5.159632922 -0.015639840 0.003552278 0.999871380 297.669932627 
0.999888759 0.000018295 0.014915414 0.877910459 0.000017484 0.999997123 -0.002398596 -5.185628609 -0.014915415 0.002398590 0.999885882 299.215557213 
0.999898116 0.001929063 0.014143442 0.893767802 -0.001917844 0.999997836 -0.000806690 -5.221083965 -0.014144968 0.000779483 0.999899651 300.752925778 
0.999886453 0.002389096 0.014878597 0.898928313 -0.002388153 0.999997145 -0.000081147 -5.259705779 -0.014878748 0.000045606 0.999889304 302.322379157 
0.999857780 0.003640799 0.016467088 0.883769849 -0.003631855 0.999993241 -0.000573030 -5.277660843 -0.016469063 0.000513143 0.999864244 303.944198017 
0.999854871 0.001798339 0.016941154 0.901574144 -0.001785282 0.999998098 -0.000785825 -5.301681513 -0.016942535 0.000755467 0.999856180 305.532114020 
0.999842756 0.000179338 0.017732207 0.907897080 -0.000142715 0.999997854 -0.002066558 -5.323790986 -0.017732540 0.002063702 0.999840636 307.147170593 
0.999842554 -0.001482768 0.017682421 0.931997929 0.001561241 0.999988991 -0.004424969 -5.341480534 -0.017675665 0.004451879 0.999833862 308.782340736 
0.999845205 -0.001733622 0.017508855 0.941080902 0.001826161 0.999984442 -0.005270666 -5.380814604 -0.017499445 0.005301824 0.999832816 310.367028702 
0.999877742 -0.001194801 0.015590825 0.955934117 0.001290067 0.999980552 -0.006101738 -5.416375432 -0.015583231 0.006121105 0.999859838 311.972113988 
0.999918005 -0.000145180 0.012804783 0.980695228 0.000214609 0.999985284 -0.005420928 -5.449845357 -0.012803808 0.005423231 0.999903321 313.589040521 
0.999920452 0.001410007 0.012534040 0.987246829 -0.001380767 0.999996306 -0.002341205 -5.481537017 -0.012537295 0.002323712 0.999918705 315.189216212 
0.999909900 0.000322558 0.013419646 0.987831172 -0.000329579 0.999999810 0.000520982 -5.508094995 -0.013419475 -0.000525358 0.999909817 316.813436170 
0.999914272 -0.000824510 0.013067849 1.008130385 0.000803251 0.999998346 0.001631946 -5.539874811 -0.013069173 -0.001621309 0.999913280 318.424986615 
0.999907804 -0.002904091 0.013264620 1.027439584 0.002893796 0.999995497 0.000795275 -5.568150608 -0.013266870 -0.000756816 0.999911705 320.054903453 
0.999900867 -0.003160392 0.013721089 1.043031128 0.003154309 0.999994917 0.000464935 -5.594184662 -0.013722489 -0.000421608 0.999905753 321.689997588 
0.999891681 -0.003073604 0.014393749 1.049332881 0.003064237 0.999995079 0.000672795 -5.624793365 -0.014395746 -0.000628616 0.999896178 323.329471680 
0.999888653 -0.002740738 0.014668703 1.065041103 0.002734890 0.999996173 0.000418651 -5.647911005 -0.014669794 -0.000378487 0.999892321 324.974678961 
0.999882001 -0.001427697 0.015295282 1.075427752 0.001433611 0.999998902 -0.000375713 -5.677337342 -0.015294729 0.000397596 0.999882950 326.595795684 
0.999859991 -0.000021842 0.016733154 1.071947445 0.000039692 0.999999431 -0.001066402 -5.706074677 -0.016733121 0.001066917 0.999859422 328.171181505 
0.999842108 -0.001329418 0.017719806 1.081649957 0.001313210 0.999998709 0.000926304 -5.741360860 -0.017721014 -0.000902888 0.999842563 329.782951703 
0.999838541 -0.002452185 0.017801106 1.096917016 0.002421181 0.999995515 0.001763051 -5.768048504 -0.017805350 -0.001719667 0.999839993 331.385713248 
0.999833674 -0.004354948 0.017710394 1.124039742 0.004335839 0.999989976 0.001117218 -5.798813253 -0.017715082 -0.001040243 0.999842534 333.026190756 
0.999840245 -0.002793590 0.017654470 1.143636606 0.002781771 0.999995890 0.000694002 -5.815137710 -0.017656336 -0.000644780 0.999843907 334.652710118 
0.999840431 -0.000887991 0.017841623 1.138970224 0.000906502 0.999999059 -0.001029506 -5.851465611 -0.017840692 0.001045516 0.999840296 336.218975369 
0.999844938 0.000471151 0.017603352 1.142456751 -0.000412809 0.999994411 -0.003317771 -5.893281699 -0.017604816 0.003309990 0.999839544 337.821839134 
0.999849620 0.002639623 0.017139702 1.143005514 -0.002573495 0.999989165 -0.003879065 -5.909188528 -0.017149756 0.003834373 0.999845580 339.443380105 
0.999846134 0.004775412 0.016879118 1.143314742 -0.004765708 0.999988455 -0.000615086 -5.943578267 -0.016881860 0.000534550 0.999857348 341.060322092 
0.999864385 0.004465196 0.015851623 1.159415267 -0.004507445 0.999986381 0.002630580 -5.976111904 -0.015839661 -0.002701674 0.999870895 342.687038329 
0.999881202 0.004836488 0.014635223 1.171787581 -0.004864655 0.999986382 0.001889571 -6.003480788 -0.014625885 -0.001960542 0.999891114 344.315377308 
0.999909005 0.004595628 0.012683109 1.192258655 -0.004596398 0.999989436 0.000031591 -6.022420206 -0.012682830 -0.000089884 0.999919566 345.935626175 
0.999924009 0.004176058 0.011598984 1.195758849 -0.004188120 0.999990714 0.001015854 -6.048705685 -0.011594634 -0.001064355 0.999932214 347.524296661 
0.999944872 0.003038735 0.010050867 1.211103303 -0.003060548 0.999992993 0.002155634 -6.085317299 -0.010044246 -0.002186276 0.999947165 349.121966873 
0.999956276 0.001959768 0.009143594 1.224277441 -0.001975434 0.999996596 0.001704692 -6.115194441 -0.009140222 -0.001722680 0.999956743 350.714192815 
0.999961752 0.001802889 0.008558223 1.249812926 -0.001812864 0.999997686 0.001157864 -6.159549911 -0.008556116 -0.001173334 0.999962707 352.286166804 
0.999953785 0.002689794 0.009229986 1.244415909 -0.002690539 0.999996378 0.000068317 -6.171597187 -0.009229769 -0.000093148 0.999957400 353.890288465 
0.999949092 0.002772430 0.009701958 1.237839651 -0.002769163 0.999996105 -0.000350148 -6.198379460 -0.009702891 0.000323264 0.999952874 355.493228866 
0.999948617 0.002923839 0.009706422 1.241014161 -0.002918497 0.999995582 -0.000564522 -6.232677392 -0.009708029 0.000536165 0.999952732 357.054009359 
0.999950757 0.001745432 0.009769175 1.245346394 -0.001734334 0.999997841 -0.001144388 -6.257972551 -0.009771151 0.001127388 0.999951626 358.696977323 
0.999951090 0.001338350 0.009799312 1.249678190 -0.001329124 0.999998667 -0.000947917 -6.283056653 -0.009800568 0.000934846 0.999951536 360.308995107 
0.999956777 0.001412194 0.009189609 1.265726351 -0.001402679 0.999998474 -0.001041713 -6.320902408 -0.009191066 0.001028778 0.999957232 361.906762228 
0.999958645 0.000270749 0.009090427 1.285305944 -0.000248796 0.999997050 -0.002416025 -6.351668341 -0.009091054 0.002413663 0.999955763 363.513972300 
0.999959965 0.000153324 0.008946735 1.297729011 -0.000131753 0.999997083 -0.002411654 -6.361833017 -0.008947079 0.002410379 0.999957069 365.122419076 
0.999959005 -0.001309933 0.008959469 1.297731085 0.001317998 0.999998732 -0.000894332 -6.400732642 -0.008958286 0.000906104 0.999959463 366.737390302 
0.999963141 -0.002529683 0.008204683 1.335263665 0.002542697 0.999995525 -0.001576140 -6.427084743 -0.008200659 0.001596944 0.999965099 368.371035953 
0.999966416 -0.001538769 0.008049799 1.337592808 0.001553696 0.999997085 -0.001848363 -6.458984805 -0.008046931 0.001860808 0.999965892 369.966567104 
0.999960565 0.000005582 0.008880821 1.327775256 0.000001645 0.999999669 -0.000813803 -6.495284807 -0.008880823 0.000813785 0.999960234 371.536620214 
0.999953084 0.001039931 0.009630587 1.317535917 -0.001042876 0.999999411 0.000300781 -6.536672419 -0.009630269 -0.000310811 0.999953580 373.111276808 
0.999944783 0.000017309 0.010508620 1.321787184 -0.000021392 0.999999924 0.000388451 -6.559607310 -0.010508612 -0.000388655 0.999944707 374.744975687 
0.999944415 -0.000351624 0.010537739 1.312900663 0.000359754 0.999999639 -0.000769664 -6.579184418 -0.010537465 0.000773412 0.999944180 376.335302890 
0.999941830 -0.000708670 0.010762683 1.316415720 0.000713364 0.999999652 -0.000432227 -6.614971180 -0.010762373 0.000439880 0.999941987 377.931040971 
0.999939922 -0.000706062 0.010938614 1.315995127 0.000713298 0.999999529 -0.000657653 -6.635767034 -0.010938145 0.000665416 0.999939955 379.534519731 
0.999934540 0.001232544 0.011375261 1.316551687 -0.001220530 0.999998690 -0.001062996 -6.655628546 -0.011376556 0.001049042 0.999934735 381.154019930 
0.999926848 0.001895907 0.011945854 1.324305629 -0.001895757 0.999998203 -0.000023826 -6.691014110 -0.011945878 0.000001177 0.999928645 382.704799437 
